RDF  65  2.000000  18.000000
    2.12        0        0
    2.37        0        0
    2.62     4875     4875
    2.86    12605    17480
    3.11       16    17496
    3.35        0    17496
    3.60       31    17527
    3.85     6277    23804
    4.09     2440    26244
    4.34        0    26244
    4.58     3008    29252
    4.83    31262    60514
    5.08      722    61236
    5.32     1304    62540
    5.57    15749    78289
    5.82      453    78742
    6.06    14032    92774
    6.31    20901   113675
    6.55      690   114365
    6.80    10518   124883
    7.05     1365   126248
    7.29    57844   184092
    7.54    11347   195439
    7.78     6774   202213
    8.03     2646   204859
    8.28    43498   248357
    8.52    10018   258375
    8.77    31075   289450
    9.02     9281   298731
    9.26    27631   326362
    9.51    21435   347797
    9.75    19251   367048
   10.00    93195   460243
   10.25     6317   466560
   10.49     3492   470052
   10.74    61825   531877
   10.98    14417   546294
   11.23    17375   563669
   11.48    59710   623379
   11.72    37340   660719
   11.97    59670   720389
   12.22    59028   779417
   12.46    31456   810873
   12.71    62552   873425
   12.95    32313   905738
   13.20    48516   954254
   13.45    33014   987268
   13.69    36323  1023591
   13.94    97213  1120804
   14.18    42531  1163335
   14.43   126911  1290246
   14.68    68448  1358694
   14.92    35057  1393751
   15.17     6534  1400285
   15.42   119946  1520231
   15.66    28059  1548290
   15.91   123358  1671648
   16.15    79923  1751571
   16.40    71470  1823041
   16.65    68037  1891078
   16.89   160238  2051316
   17.14    50862  2102178
   17.38    66004  2168182
   17.63    47610  2215792
   17.88    73081  2288873
RDF  65  2.000000  18.000000
    2.12       16       16
    2.37     1518     1534
    2.62     6216     7750
    2.86     5730    13480
    3.11     2890    16370
    3.35     1467    17837
    3.60     1732    19569
    3.85     2592    22161
    4.09     3111    25272
    4.34     4552    29824
    4.58     8674    38498
    4.83    11281    49779
    5.08     9441    59220
    5.32     7752    66972
    5.57     7622    74594
    5.82     8773    83367
    6.06    11050    94417
    6.31    11649   106066
    6.55    10134   116200
    6.80    10804   127004
    7.05    16892   143896
    7.29    22424   166320
    7.54    20244   186564
    7.78    15768   202332
    8.03    15804   218136
    8.28    20421   238557
    8.52    22196   260753
    8.77    21754   282507
    9.02    21155   303662
    9.26    22707   326369
    9.51    27360   353729
    9.75    35337   389066
   10.00    38166   427232
   10.25    32714   459946
   10.49    28020   487966
   10.74    28692   516658
   10.98    30710   547368
   11.23    33411   580779
   11.48    39472   620251
   11.72    46095   666346
   11.97    51149   717495
   12.22    51782   769277
   12.46    47721   816998
   12.71    44623   861621
   12.95    43425   905046
   13.20    43333   948379
   13.45    46347   994726
   13.69    54776  1049502
   13.94    65522  1115024
   14.18    74287  1189311
   14.43    75605  1264916
   14.68    66384  1331300
   14.92    53905  1385205
   15.17    52672  1437877
   15.42    62571  1500448
   15.66    74476  1574924
   15.91    81715  1656639
   16.15    85013  1741652
   16.40    86123  1827775
   16.65    90772  1918547
   16.89    92042  2010589
   17.14    83019  2093608
   17.38    72202  2165810
   17.63    72148  2237958
   17.88    82972  2320930
